#id      posx      posy    estado
0         0         0         1
1         0         1         1
2         0         2         1
3         0         3         1
4         0         4         1
5         0         5         1
6         0         6         1
7         0         7         1
8         0         8         1
9         0         9         1
10         0        10         1
11         0        11         1
12         0        12         1
13         0        13         0
14         0        14         0
15         0        15         0
16         0        16         1
17         0        17         1
18         0        18         1
19         0        19         1
20         0        20         1
21         0        21         1
22         0        22         1
23         0        23         1
24         0        24         1
25         0        25         1
26         0        26         1
27         0        27         1
28         0        28         1
29         0        29         1
30         0        30         1
31         0        31         1
32         0        32         1
33         0        33         1
34         0        34         1
35         0        35         1
36         0        36         1
37         0        37         1
38         0        38         1
39         0        39         1
40         0        40         1
41         0        41         1
42         0        42         1
43         0        43         1
44         0        44         1
45         0        45         1
46         0        46         1
47         0        47         1
48         0        48         1
49         0        49         1
50         1         0         1
51         1         1         1
52         1         2         1
53         1         3         1
54         1         4         1
55         1         5         1
56         1         6         1
57         1         7         1
58         1         8         1
59         1         9         1
60         1        10         1
61         1        11         2
62         1        12         0
63         1        13         0
64         1        14         0
65         1        15         1
66         1        16         1
67         1        17         1
68         1        18         1
69         1        19         1
70         1        20         1
71         1        21         1
72         1        22         1
73         1        23         1
74         1        24         1
75         1        25         1
76         1        26         1
77         1        27         1
78         1        28         1
79         1        29         1
80         1        30         1
81         1        31         1
82         1        32         1
83         1        33         1
84         1        34         1
85         1        35         1
86         1        36         1
87         1        37         1
88         1        38         1
89         1        39         1
90         1        40         1
91         1        41         1
92         1        42         1
93         1        43         1
94         1        44         1
95         1        45         1
96         1        46         1
97         1        47         1
98         1        48         1
99         1        49         1
100         2         0         1
101         2         1         1
102         2         2         1
103         2         3         1
104         2         4         1
105         2         5         1
106         2         6         1
107         2         7         1
108         2         8         1
109         2         9         1
110         2        10         0
111         2        11         0
112         2        12         0
113         2        13         0
114         2        14         0
115         2        15         0
116         2        16         0
117         2        17         0
118         2        18         1
119         2        19         1
120         2        20         1
121         2        21         1
122         2        22         1
123         2        23         1
124         2        24         1
125         2        25         1
126         2        26         1
127         2        27         1
128         2        28         1
129         2        29         1
130         2        30         1
131         2        31         1
132         2        32         1
133         2        33         1
134         2        34         1
135         2        35         1
136         2        36         1
137         2        37         1
138         2        38         1
139         2        39         1
140         2        40         1
141         2        41         1
142         2        42         1
143         2        43         1
144         2        44         1
145         2        45         1
146         2        46         1
147         2        47         1
148         2        48         1
149         2        49         1
150         3         0         1
151         3         1         1
152         3         2         1
153         3         3         1
154         3         4         1
155         3         5         1
156         3         6         1
157         3         7         2
158         3         8         1
159         3         9         1
160         3        10         0
161         3        11         0
162         3        12         0
163         3        13         0
164         3        14         0
165         3        15         0
166         3        16         0
167         3        17         0
168         3        18         0
169         3        19         2
170         3        20         1
171         3        21         1
172         3        22         1
173         3        23         1
174         3        24         1
175         3        25         1
176         3        26         1
177         3        27         1
178         3        28         1
179         3        29         1
180         3        30         1
181         3        31         1
182         3        32         1
183         3        33         1
184         3        34         1
185         3        35         1
186         3        36         1
187         3        37         1
188         3        38         1
189         3        39         1
190         3        40         1
191         3        41         1
192         3        42         1
193         3        43         1
194         3        44         1
195         3        45         1
196         3        46         1
197         3        47         1
198         3        48         1
199         3        49         1
200         4         0         1
201         4         1         1
202         4         2         1
203         4         3         1
204         4         4         1
205         4         5         1
206         4         6         2
207         4         7         0
208         4         8         0
209         4         9         0
210         4        10         0
211         4        11         0
212         4        12         0
213         4        13         0
214         4        14         0
215         4        15         0
216         4        16         1
217         4        17         0
218         4        18         0
219         4        19         0
220         4        20         2
221         4        21         1
222         4        22         1
223         4        23         1
224         4        24         1
225         4        25         1
226         4        26         1
227         4        27         1
228         4        28         1
229         4        29         1
230         4        30         1
231         4        31         1
232         4        32         1
233         4        33         1
234         4        34         1
235         4        35         1
236         4        36         1
237         4        37         1
238         4        38         1
239         4        39         1
240         4        40         1
241         4        41         1
242         4        42         1
243         4        43         1
244         4        44         1
245         4        45         1
246         4        46         1
247         4        47         1
248         4        48         1
249         4        49         1
250         5         0         1
251         5         1         1
252         5         2         1
253         5         3         1
254         5         4         1
255         5         5         1
256         5         6         1
257         5         7         2
258         5         8         0
259         5         9         0
260         5        10         0
261         5        11         0
262         5        12         0
263         5        13         0
264         5        14         0
265         5        15         0
266         5        16         0
267         5        17         0
268         5        18         0
269         5        19         1
270         5        20         1
271         5        21         1
272         5        22         1
273         5        23         1
274         5        24         1
275         5        25         1
276         5        26         1
277         5        27         1
278         5        28         1
279         5        29         1
280         5        30         1
281         5        31         1
282         5        32         1
283         5        33         1
284         5        34         1
285         5        35         1
286         5        36         1
287         5        37         1
288         5        38         1
289         5        39         1
290         5        40         1
291         5        41         1
292         5        42         1
293         5        43         1
294         5        44         1
295         5        45         1
296         5        46         1
297         5        47         1
298         5        48         1
299         5        49         1
300         6         0         1
301         6         1         1
302         6         2         1
303         6         3         1
304         6         4         1
305         6         5         1
306         6         6         1
307         6         7         1
308         6         8         1
309         6         9         0
310         6        10         0
311         6        11         0
312         6        12         0
313         6        13         0
314         6        14         0
315         6        15         0
316         6        16         2
317         6        17         0
318         6        18         2
319         6        19         1
320         6        20         1
321         6        21         1
322         6        22         1
323         6        23         1
324         6        24         1
325         6        25         1
326         6        26         1
327         6        27         1
328         6        28         1
329         6        29         1
330         6        30         1
331         6        31         1
332         6        32         1
333         6        33         1
334         6        34         1
335         6        35         1
336         6        36         1
337         6        37         1
338         6        38         1
339         6        39         1
340         6        40         1
341         6        41         1
342         6        42         1
343         6        43         1
344         6        44         1
345         6        45         1
346         6        46         1
347         6        47         1
348         6        48         1
349         6        49         1
350         7         0         1
351         7         1         1
352         7         2         1
353         7         3         1
354         7         4         1
355         7         5         1
356         7         6         1
357         7         7         1
358         7         8         1
359         7         9         2
360         7        10         1
361         7        11         0
362         7        12         0
363         7        13         0
364         7        14         0
365         7        15         0
366         7        16         0
367         7        17         1
368         7        18         1
369         7        19         1
370         7        20         1
371         7        21         1
372         7        22         1
373         7        23         1
374         7        24         1
375         7        25         1
376         7        26         1
377         7        27         1
378         7        28         1
379         7        29         1
380         7        30         1
381         7        31         1
382         7        32         1
383         7        33         1
384         7        34         1
385         7        35         1
386         7        36         1
387         7        37         1
388         7        38         1
389         7        39         1
390         7        40         1
391         7        41         1
392         7        42         1
393         7        43         1
394         7        44         1
395         7        45         1
396         7        46         1
397         7        47         1
398         7        48         1
399         7        49         1
400         8         0         1
401         8         1         1
402         8         2         1
403         8         3         1
404         8         4         1
405         8         5         1
406         8         6         1
407         8         7         1
408         8         8         1
409         8         9         1
410         8        10         1
411         8        11         0
412         8        12         0
413         8        13         0
414         8        14         0
415         8        15         0
416         8        16         0
417         8        17         0
418         8        18         0
419         8        19         0
420         8        20         0
421         8        21         0
422         8        22         1
423         8        23         1
424         8        24         1
425         8        25         1
426         8        26         1
427         8        27         1
428         8        28         1
429         8        29         1
430         8        30         1
431         8        31         1
432         8        32         1
433         8        33         1
434         8        34         1
435         8        35         1
436         8        36         1
437         8        37         1
438         8        38         1
439         8        39         1
440         8        40         1
441         8        41         1
442         8        42         1
443         8        43         1
444         8        44         1
445         8        45         1
446         8        46         1
447         8        47         1
448         8        48         1
449         8        49         1
450         9         0         1
451         9         1         1
452         9         2         1
453         9         3         1
454         9         4         1
455         9         5         1
456         9         6         1
457         9         7         1
458         9         8         1
459         9         9         1
460         9        10         1
461         9        11         0
462         9        12         0
463         9        13         0
464         9        14         0
465         9        15         0
466         9        16         0
467         9        17         0
468         9        18         0
469         9        19         0
470         9        20         0
471         9        21         0
472         9        22         1
473         9        23         1
474         9        24         1
475         9        25         1
476         9        26         1
477         9        27         1
478         9        28         1
479         9        29         1
480         9        30         1
481         9        31         1
482         9        32         1
483         9        33         1
484         9        34         1
485         9        35         1
486         9        36         1
487         9        37         1
488         9        38         1
489         9        39         1
490         9        40         1
491         9        41         1
492         9        42         1
493         9        43         1
494         9        44         1
495         9        45         1
496         9        46         1
497         9        47         1
498         9        48         1
499         9        49         1
500        10         0         1
501        10         1         1
502        10         2         1
503        10         3         1
504        10         4         1
505        10         5         1
506        10         6         1
507        10         7         1
508        10         8         1
509        10         9         1
510        10        10         0
511        10        11         0
512        10        12         0
513        10        13         0
514        10        14         0
515        10        15         0
516        10        16         0
517        10        17         0
518        10        18         0
519        10        19         0
520        10        20         1
521        10        21         1
522        10        22         0
523        10        23         1
524        10        24         1
525        10        25         1
526        10        26         1
527        10        27         1
528        10        28         1
529        10        29         1
530        10        30         1
531        10        31         1
532        10        32         1
533        10        33         1
534        10        34         1
535        10        35         1
536        10        36         1
537        10        37         1
538        10        38         1
539        10        39         1
540        10        40         1
541        10        41         1
542        10        42         1
543        10        43         1
544        10        44         1
545        10        45         1
546        10        46         1
547        10        47         1
548        10        48         1
549        10        49         1
550        11         0         1
551        11         1         1
552        11         2         1
553        11         3         1
554        11         4         1
555        11         5         1
556        11         6         1
557        11         7         1
558        11         8         1
559        11         9         1
560        11        10         1
561        11        11         1
562        11        12         0
563        11        13         0
564        11        14         0
565        11        15         0
566        11        16         0
567        11        17         0
568        11        18         0
569        11        19         0
570        11        20         0
571        11        21         0
572        11        22         0
573        11        23         0
574        11        24         1
575        11        25         1
576        11        26         1
577        11        27         1
578        11        28         1
579        11        29         1
580        11        30         1
581        11        31         1
582        11        32         1
583        11        33         1
584        11        34         1
585        11        35         1
586        11        36         1
587        11        37         1
588        11        38         1
589        11        39         1
590        11        40         1
591        11        41         1
592        11        42         1
593        11        43         1
594        11        44         1
595        11        45         1
596        11        46         1
597        11        47         1
598        11        48         1
599        11        49         1
600        12         0         1
601        12         1         1
602        12         2         1
603        12         3         1
604        12         4         1
605        12         5         1
606        12         6         1
607        12         7         1
608        12         8         1
609        12         9         1
610        12        10         1
611        12        11         1
612        12        12         0
613        12        13         0
614        12        14         0
615        12        15         0
616        12        16         0
617        12        17         0
618        12        18         1
619        12        19         0
620        12        20         0
621        12        21         0
622        12        22         0
623        12        23         0
624        12        24         0
625        12        25         1
626        12        26         1
627        12        27         1
628        12        28         1
629        12        29         1
630        12        30         1
631        12        31         1
632        12        32         1
633        12        33         1
634        12        34         1
635        12        35         1
636        12        36         1
637        12        37         1
638        12        38         1
639        12        39         1
640        12        40         1
641        12        41         1
642        12        42         1
643        12        43         1
644        12        44         1
645        12        45         1
646        12        46         1
647        12        47         1
648        12        48         1
649        12        49         1
650        13         0         1
651        13         1         1
652        13         2         1
653        13         3         1
654        13         4         1
655        13         5         1
656        13         6         1
657        13         7         1
658        13         8         1
659        13         9         1
660        13        10         1
661        13        11         0
662        13        12         0
663        13        13         0
664        13        14         0
665        13        15         0
666        13        16         0
667        13        17         0
668        13        18         0
669        13        19         0
670        13        20         0
671        13        21         0
672        13        22         0
673        13        23         0
674        13        24         0
675        13        25         1
676        13        26         1
677        13        27         1
678        13        28         1
679        13        29         1
680        13        30         1
681        13        31         1
682        13        32         1
683        13        33         1
684        13        34         1
685        13        35         1
686        13        36         1
687        13        37         1
688        13        38         1
689        13        39         1
690        13        40         1
691        13        41         1
692        13        42         1
693        13        43         1
694        13        44         1
695        13        45         1
696        13        46         1
697        13        47         1
698        13        48         1
699        13        49         1
700        14         0         1
701        14         1         1
702        14         2         1
703        14         3         1
704        14         4         1
705        14         5         1
706        14         6         1
707        14         7         1
708        14         8         1
709        14         9         0
710        14        10         0
711        14        11         0
712        14        12         0
713        14        13         0
714        14        14         1
715        14        15         1
716        14        16         0
717        14        17         0
718        14        18         0
719        14        19         0
720        14        20         0
721        14        21         0
722        14        22         0
723        14        23         0
724        14        24         0
725        14        25         1
726        14        26         1
727        14        27         1
728        14        28         1
729        14        29         1
730        14        30         1
731        14        31         1
732        14        32         1
733        14        33         1
734        14        34         1
735        14        35         1
736        14        36         1
737        14        37         1
738        14        38         1
739        14        39         1
740        14        40         1
741        14        41         1
742        14        42         1
743        14        43         1
744        14        44         1
745        14        45         1
746        14        46         1
747        14        47         1
748        14        48         1
749        14        49         1
750        15         0         1
751        15         1         1
752        15         2         1
753        15         3         1
754        15         4         1
755        15         5         1
756        15         6         1
757        15         7         1
758        15         8         1
759        15         9         0
760        15        10         0
761        15        11         1
762        15        12         0
763        15        13         0
764        15        14         0
765        15        15         0
766        15        16         0
767        15        17         0
768        15        18         0
769        15        19         0
770        15        20         0
771        15        21         0
772        15        22         0
773        15        23         0
774        15        24         0
775        15        25         1
776        15        26         1
777        15        27         1
778        15        28         1
779        15        29         1
780        15        30         1
781        15        31         1
782        15        32         1
783        15        33         1
784        15        34         1
785        15        35         1
786        15        36         1
787        15        37         1
788        15        38         1
789        15        39         1
790        15        40         1
791        15        41         1
792        15        42         1
793        15        43         1
794        15        44         1
795        15        45         1
796        15        46         1
797        15        47         1
798        15        48         1
799        15        49         1
800        16         0         1
801        16         1         1
802        16         2         1
803        16         3         1
804        16         4         1
805        16         5         1
806        16         6         1
807        16         7         1
808        16         8         2
809        16         9         0
810        16        10         0
811        16        11         0
812        16        12         0
813        16        13         0
814        16        14         1
815        16        15         0
816        16        16         0
817        16        17         0
818        16        18         0
819        16        19         0
820        16        20         0
821        16        21         0
822        16        22         0
823        16        23         0
824        16        24         0
825        16        25         1
826        16        26         1
827        16        27         1
828        16        28         1
829        16        29         1
830        16        30         1
831        16        31         1
832        16        32         1
833        16        33         1
834        16        34         1
835        16        35         1
836        16        36         1
837        16        37         1
838        16        38         1
839        16        39         1
840        16        40         1
841        16        41         1
842        16        42         1
843        16        43         1
844        16        44         1
845        16        45         1
846        16        46         1
847        16        47         1
848        16        48         1
849        16        49         1
850        17         0         1
851        17         1         1
852        17         2         1
853        17         3         1
854        17         4         1
855        17         5         1
856        17         6         1
857        17         7         0
858        17         8         0
859        17         9         0
860        17        10         0
861        17        11         0
862        17        12         1
863        17        13         1
864        17        14         1
865        17        15         0
866        17        16         0
867        17        17         0
868        17        18         0
869        17        19         0
870        17        20         0
871        17        21         1
872        17        22         1
873        17        23         0
874        17        24         0
875        17        25         1
876        17        26         1
877        17        27         1
878        17        28         1
879        17        29         1
880        17        30         1
881        17        31         1
882        17        32         1
883        17        33         1
884        17        34         1
885        17        35         1
886        17        36         1
887        17        37         1
888        17        38         1
889        17        39         1
890        17        40         1
891        17        41         1
892        17        42         1
893        17        43         1
894        17        44         1
895        17        45         1
896        17        46         1
897        17        47         1
898        17        48         1
899        17        49         1
900        18         0         1
901        18         1         1
902        18         2         1
903        18         3         1
904        18         4         2
905        18         5         0
906        18         6         0
907        18         7         0
908        18         8         0
909        18         9         0
910        18        10         1
911        18        11         0
912        18        12         0
913        18        13         0
914        18        14         0
915        18        15         0
916        18        16         0
917        18        17         0
918        18        18         0
919        18        19         0
920        18        20         0
921        18        21         0
922        18        22         1
923        18        23         1
924        18        24         0
925        18        25         0
926        18        26         1
927        18        27         1
928        18        28         1
929        18        29         1
930        18        30         1
931        18        31         1
932        18        32         1
933        18        33         1
934        18        34         1
935        18        35         1
936        18        36         1
937        18        37         1
938        18        38         1
939        18        39         1
940        18        40         1
941        18        41         1
942        18        42         1
943        18        43         1
944        18        44         1
945        18        45         1
946        18        46         1
947        18        47         1
948        18        48         1
949        18        49         1
950        19         0         1
951        19         1         1
952        19         2         1
953        19         3         1
954        19         4         1
955        19         5         2
956        19         6         0
957        19         7         0
958        19         8         0
959        19         9         1
960        19        10         1
961        19        11         0
962        19        12         0
963        19        13         0
964        19        14         1
965        19        15         1
966        19        16         0
967        19        17         0
968        19        18         0
969        19        19         0
970        19        20         0
971        19        21         0
972        19        22         1
973        19        23         1
974        19        24         0
975        19        25         0
976        19        26         0
977        19        27         1
978        19        28         1
979        19        29         1
980        19        30         1
981        19        31         1
982        19        32         1
983        19        33         1
984        19        34         1
985        19        35         1
986        19        36         1
987        19        37         1
988        19        38         1
989        19        39         1
990        19        40         1
991        19        41         1
992        19        42         1
993        19        43         1
994        19        44         1
995        19        45         1
996        19        46         1
997        19        47         1
998        19        48         1
999        19        49         1
1000        20         0         1
1001        20         1         1
1002        20         2         1
1003        20         3         1
1004        20         4         1
1005        20         5         1
1006        20         6         2
1007        20         7         1
1008        20         8         1
1009        20         9         1
1010        20        10         1
1011        20        11         0
1012        20        12         0
1013        20        13         0
1014        20        14         1
1015        20        15         1
1016        20        16         0
1017        20        17         0
1018        20        18         0
1019        20        19         0
1020        20        20         0
1021        20        21         0
1022        20        22         1
1023        20        23         1
1024        20        24         0
1025        20        25         0
1026        20        26         0
1027        20        27         1
1028        20        28         1
1029        20        29         1
1030        20        30         1
1031        20        31         1
1032        20        32         1
1033        20        33         1
1034        20        34         1
1035        20        35         1
1036        20        36         1
1037        20        37         1
1038        20        38         1
1039        20        39         1
1040        20        40         1
1041        20        41         1
1042        20        42         1
1043        20        43         1
1044        20        44         1
1045        20        45         1
1046        20        46         1
1047        20        47         1
1048        20        48         1
1049        20        49         1
1050        21         0         1
1051        21         1         1
1052        21         2         1
1053        21         3         1
1054        21         4         1
1055        21         5         1
1056        21         6         1
1057        21         7         1
1058        21         8         1
1059        21         9         1
1060        21        10         1
1061        21        11         1
1062        21        12         0
1063        21        13         0
1064        21        14         0
1065        21        15         0
1066        21        16         0
1067        21        17         0
1068        21        18         1
1069        21        19         0
1070        21        20         0
1071        21        21         0
1072        21        22         0
1073        21        23         0
1074        21        24         0
1075        21        25         0
1076        21        26         0
1077        21        27         0
1078        21        28         1
1079        21        29         1
1080        21        30         1
1081        21        31         1
1082        21        32         1
1083        21        33         1
1084        21        34         1
1085        21        35         1
1086        21        36         1
1087        21        37         1
1088        21        38         1
1089        21        39         1
1090        21        40         1
1091        21        41         1
1092        21        42         1
1093        21        43         1
1094        21        44         1
1095        21        45         1
1096        21        46         1
1097        21        47         1
1098        21        48         1
1099        21        49         1
1100        22         0         1
1101        22         1         1
1102        22         2         1
1103        22         3         1
1104        22         4         1
1105        22         5         1
1106        22         6         1
1107        22         7         1
1108        22         8         1
1109        22         9         1
1110        22        10         1
1111        22        11         1
1112        22        12         0
1113        22        13         0
1114        22        14         0
1115        22        15         1
1116        22        16         0
1117        22        17         0
1118        22        18         0
1119        22        19         0
1120        22        20         0
1121        22        21         0
1122        22        22         0
1123        22        23         0
1124        22        24         0
1125        22        25         0
1126        22        26         0
1127        22        27         0
1128        22        28         1
1129        22        29         1
1130        22        30         1
1131        22        31         1
1132        22        32         1
1133        22        33         1
1134        22        34         1
1135        22        35         1
1136        22        36         1
1137        22        37         1
1138        22        38         1
1139        22        39         1
1140        22        40         1
1141        22        41         1
1142        22        42         1
1143        22        43         1
1144        22        44         1
1145        22        45         1
1146        22        46         1
1147        22        47         1
1148        22        48         1
1149        22        49         1
1150        23         0         1
1151        23         1         1
1152        23         2         1
1153        23         3         1
1154        23         4         1
1155        23         5         1
1156        23         6         1
1157        23         7         1
1158        23         8         1
1159        23         9         1
1160        23        10         1
1161        23        11         0
1162        23        12         0
1163        23        13         0
1164        23        14         0
1165        23        15         0
1166        23        16         0
1167        23        17         0
1168        23        18         0
1169        23        19         0
1170        23        20         0
1171        23        21         1
1172        23        22         0
1173        23        23         0
1174        23        24         0
1175        23        25         0
1176        23        26         1
1177        23        27         0
1178        23        28         1
1179        23        29         0
1180        23        30         1
1181        23        31         1
1182        23        32         1
1183        23        33         1
1184        23        34         1
1185        23        35         1
1186        23        36         1
1187        23        37         1
1188        23        38         1
1189        23        39         1
1190        23        40         1
1191        23        41         1
1192        23        42         1
1193        23        43         1
1194        23        44         1
1195        23        45         1
1196        23        46         1
1197        23        47         1
1198        23        48         1
1199        23        49         1
1200        24         0         1
1201        24         1         1
1202        24         2         1
1203        24         3         1
1204        24         4         1
1205        24         5         1
1206        24         6         1
1207        24         7         1
1208        24         8         1
1209        24         9         1
1210        24        10         1
1211        24        11         0
1212        24        12         1
1213        24        13         1
1214        24        14         1
1215        24        15         0
1216        24        16         1
1217        24        17         0
1218        24        18         0
1219        24        19         0
1220        24        20         0
1221        24        21         0
1222        24        22         0
1223        24        23         0
1224        24        24         0
1225        24        25         0
1226        24        26         1
1227        24        27         0
1228        24        28         1
1229        24        29         0
1230        24        30         0
1231        24        31         1
1232        24        32         1
1233        24        33         1
1234        24        34         1
1235        24        35         1
1236        24        36         1
1237        24        37         1
1238        24        38         1
1239        24        39         1
1240        24        40         1
1241        24        41         1
1242        24        42         1
1243        24        43         1
1244        24        44         1
1245        24        45         1
1246        24        46         1
1247        24        47         1
1248        24        48         1
1249        24        49         1
1250        25         0         1
1251        25         1         1
1252        25         2         1
1253        25         3         1
1254        25         4         1
1255        25         5         1
1256        25         6         1
1257        25         7         1
1258        25         8         1
1259        25         9         1
1260        25        10         1
1261        25        11         1
1262        25        12         1
1263        25        13         1
1264        25        14         1
1265        25        15         1
1266        25        16         1
1267        25        17         1
1268        25        18         0
1269        25        19         0
1270        25        20         0
1271        25        21         0
1272        25        22         0
1273        25        23         0
1274        25        24         0
1275        25        25         0
1276        25        26         1
1277        25        27         1
1278        25        28         0
1279        25        29         0
1280        25        30         0
1281        25        31         1
1282        25        32         1
1283        25        33         1
1284        25        34         1
1285        25        35         1
1286        25        36         1
1287        25        37         1
1288        25        38         1
1289        25        39         1
1290        25        40         1
1291        25        41         1
1292        25        42         1
1293        25        43         1
1294        25        44         1
1295        25        45         1
1296        25        46         1
1297        25        47         1
1298        25        48         1
1299        25        49         1
1300        26         0         1
1301        26         1         1
1302        26         2         1
1303        26         3         1
1304        26         4         1
1305        26         5         1
1306        26         6         1
1307        26         7         1
1308        26         8         1
1309        26         9         1
1310        26        10         1
1311        26        11         1
1312        26        12         1
1313        26        13         1
1314        26        14         1
1315        26        15         1
1316        26        16         1
1317        26        17         1
1318        26        18         0
1319        26        19         0
1320        26        20         0
1321        26        21         0
1322        26        22         0
1323        26        23         0
1324        26        24         0
1325        26        25         0
1326        26        26         1
1327        26        27         0
1328        26        28         1
1329        26        29         0
1330        26        30         1
1331        26        31         1
1332        26        32         1
1333        26        33         1
1334        26        34         1
1335        26        35         1
1336        26        36         1
1337        26        37         1
1338        26        38         1
1339        26        39         1
1340        26        40         1
1341        26        41         1
1342        26        42         1
1343        26        43         1
1344        26        44         1
1345        26        45         1
1346        26        46         1
1347        26        47         1
1348        26        48         1
1349        26        49         1
1350        27         0         1
1351        27         1         1
1352        27         2         1
1353        27         3         1
1354        27         4         1
1355        27         5         1
1356        27         6         1
1357        27         7         1
1358        27         8         1
1359        27         9         1
1360        27        10         1
1361        27        11         1
1362        27        12         1
1363        27        13         1
1364        27        14         1
1365        27        15         1
1366        27        16         1
1367        27        17         1
1368        27        18         1
1369        27        19         1
1370        27        20         0
1371        27        21         0
1372        27        22         0
1373        27        23         0
1374        27        24         0
1375        27        25         0
1376        27        26         0
1377        27        27         0
1378        27        28         1
1379        27        29         0
1380        27        30         0
1381        27        31         1
1382        27        32         1
1383        27        33         1
1384        27        34         1
1385        27        35         1
1386        27        36         1
1387        27        37         1
1388        27        38         1
1389        27        39         1
1390        27        40         1
1391        27        41         1
1392        27        42         1
1393        27        43         1
1394        27        44         1
1395        27        45         1
1396        27        46         1
1397        27        47         1
1398        27        48         1
1399        27        49         1
1400        28         0         1
1401        28         1         1
1402        28         2         1
1403        28         3         1
1404        28         4         1
1405        28         5         1
1406        28         6         1
1407        28         7         1
1408        28         8         0
1409        28         9         0
1410        28        10         0
1411        28        11         0
1412        28        12         1
1413        28        13         1
1414        28        14         1
1415        28        15         1
1416        28        16         1
1417        28        17         1
1418        28        18         1
1419        28        19         0
1420        28        20         0
1421        28        21         0
1422        28        22         0
1423        28        23         0
1424        28        24         1
1425        28        25         0
1426        28        26         0
1427        28        27         1
1428        28        28         1
1429        28        29         0
1430        28        30         1
1431        28        31         1
1432        28        32         1
1433        28        33         1
1434        28        34         1
1435        28        35         1
1436        28        36         1
1437        28        37         1
1438        28        38         1
1439        28        39         1
1440        28        40         1
1441        28        41         1
1442        28        42         1
1443        28        43         1
1444        28        44         1
1445        28        45         1
1446        28        46         1
1447        28        47         1
1448        28        48         1
1449        28        49         1
1450        29         0         1
1451        29         1         1
1452        29         2         1
1453        29         3         1
1454        29         4         1
1455        29         5         1
1456        29         6         1
1457        29         7         1
1458        29         8         1
1459        29         9         0
1460        29        10         0
1461        29        11         0
1462        29        12         0
1463        29        13         0
1464        29        14         1
1465        29        15         1
1466        29        16         1
1467        29        17         0
1468        29        18         0
1469        29        19         0
1470        29        20         0
1471        29        21         0
1472        29        22         0
1473        29        23         1
1474        29        24         1
1475        29        25         0
1476        29        26         0
1477        29        27         1
1478        29        28         1
1479        29        29         0
1480        29        30         0
1481        29        31         1
1482        29        32         1
1483        29        33         1
1484        29        34         1
1485        29        35         1
1486        29        36         1
1487        29        37         1
1488        29        38         1
1489        29        39         1
1490        29        40         1
1491        29        41         1
1492        29        42         1
1493        29        43         1
1494        29        44         1
1495        29        45         1
1496        29        46         1
1497        29        47         1
1498        29        48         1
1499        29        49         1
1500        30         0         1
1501        30         1         1
1502        30         2         1
1503        30         3         1
1504        30         4         1
1505        30         5         1
1506        30         6         1
1507        30         7         1
1508        30         8         1
1509        30         9         0
1510        30        10         0
1511        30        11         0
1512        30        12         0
1513        30        13         0
1514        30        14         1
1515        30        15         0
1516        30        16         0
1517        30        17         0
1518        30        18         0
1519        30        19         0
1520        30        20         0
1521        30        21         0
1522        30        22         0
1523        30        23         1
1524        30        24         1
1525        30        25         0
1526        30        26         0
1527        30        27         0
1528        30        28         0
1529        30        29         0
1530        30        30         0
1531        30        31         1
1532        30        32         1
1533        30        33         1
1534        30        34         1
1535        30        35         1
1536        30        36         1
1537        30        37         1
1538        30        38         1
1539        30        39         1
1540        30        40         1
1541        30        41         1
1542        30        42         1
1543        30        43         1
1544        30        44         1
1545        30        45         1
1546        30        46         1
1547        30        47         1
1548        30        48         1
1549        30        49         1
1550        31         0         1
1551        31         1         1
1552        31         2         1
1553        31         3         1
1554        31         4         1
1555        31         5         1
1556        31         6         1
1557        31         7         1
1558        31         8         1
1559        31         9         0
1560        31        10         0
1561        31        11         0
1562        31        12         0
1563        31        13         0
1564        31        14         1
1565        31        15         0
1566        31        16         0
1567        31        17         0
1568        31        18         0
1569        31        19         0
1570        31        20         0
1571        31        21         0
1572        31        22         0
1573        31        23         1
1574        31        24         0
1575        31        25         0
1576        31        26         0
1577        31        27         0
1578        31        28         0
1579        31        29         0
1580        31        30         0
1581        31        31         1
1582        31        32         1
1583        31        33         1
1584        31        34         1
1585        31        35         1
1586        31        36         1
1587        31        37         1
1588        31        38         1
1589        31        39         1
1590        31        40         1
1591        31        41         1
1592        31        42         1
1593        31        43         1
1594        31        44         1
1595        31        45         1
1596        31        46         1
1597        31        47         1
1598        31        48         1
1599        31        49         1
1600        32         0         1
1601        32         1         1
1602        32         2         1
1603        32         3         1
1604        32         4         1
1605        32         5         1
1606        32         6         1
1607        32         7         1
1608        32         8         1
1609        32         9         0
1610        32        10         0
1611        32        11         0
1612        32        12         0
1613        32        13         0
1614        32        14         0
1615        32        15         0
1616        32        16         0
1617        32        17         0
1618        32        18         0
1619        32        19         0
1620        32        20         0
1621        32        21         0
1622        32        22         0
1623        32        23         0
1624        32        24         0
1625        32        25         1
1626        32        26         1
1627        32        27         1
1628        32        28         1
1629        32        29         1
1630        32        30         0
1631        32        31         1
1632        32        32         1
1633        32        33         1
1634        32        34         1
1635        32        35         1
1636        32        36         1
1637        32        37         1
1638        32        38         1
1639        32        39         1
1640        32        40         1
1641        32        41         1
1642        32        42         1
1643        32        43         1
1644        32        44         1
1645        32        45         1
1646        32        46         1
1647        32        47         1
1648        32        48         1
1649        32        49         1
1650        33         0         1
1651        33         1         1
1652        33         2         1
1653        33         3         1
1654        33         4         1
1655        33         5         1
1656        33         6         1
1657        33         7         1
1658        33         8         1
1659        33         9         0
1660        33        10         0
1661        33        11         0
1662        33        12         0
1663        33        13         0
1664        33        14         0
1665        33        15         0
1666        33        16         0
1667        33        17         0
1668        33        18         0
1669        33        19         0
1670        33        20         1
1671        33        21         0
1672        33        22         0
1673        33        23         0
1674        33        24         0
1675        33        25         0
1676        33        26         1
1677        33        27         1
1678        33        28         0
1679        33        29         0
1680        33        30         0
1681        33        31         1
1682        33        32         1
1683        33        33         1
1684        33        34         1
1685        33        35         1
1686        33        36         1
1687        33        37         1
1688        33        38         1
1689        33        39         1
1690        33        40         1
1691        33        41         1
1692        33        42         1
1693        33        43         1
1694        33        44         1
1695        33        45         1
1696        33        46         1
1697        33        47         1
1698        33        48         1
1699        33        49         1
1700        34         0         1
1701        34         1         1
1702        34         2         1
1703        34         3         1
1704        34         4         1
1705        34         5         1
1706        34         6         1
1707        34         7         1
1708        34         8         1
1709        34         9         0
1710        34        10         0
1711        34        11         0
1712        34        12         0
1713        34        13         0
1714        34        14         0
1715        34        15         0
1716        34        16         0
1717        34        17         0
1718        34        18         0
1719        34        19         0
1720        34        20         0
1721        34        21         0
1722        34        22         0
1723        34        23         0
1724        34        24         0
1725        34        25         0
1726        34        26         1
1727        34        27         1
1728        34        28         0
1729        34        29         0
1730        34        30         0
1731        34        31         0
1732        34        32         0
1733        34        33         1
1734        34        34         1
1735        34        35         1
1736        34        36         1
1737        34        37         1
1738        34        38         1
1739        34        39         1
1740        34        40         1
1741        34        41         1
1742        34        42         1
1743        34        43         1
1744        34        44         1
1745        34        45         1
1746        34        46         1
1747        34        47         1
1748        34        48         1
1749        34        49         1
1750        35         0         1
1751        35         1         1
1752        35         2         1
1753        35         3         1
1754        35         4         1
1755        35         5         1
1756        35         6         1
1757        35         7         1
1758        35         8         1
1759        35         9         0
1760        35        10         0
1761        35        11         0
1762        35        12         0
1763        35        13         0
1764        35        14         0
1765        35        15         0
1766        35        16         0
1767        35        17         0
1768        35        18         0
1769        35        19         0
1770        35        20         0
1771        35        21         0
1772        35        22         0
1773        35        23         0
1774        35        24         0
1775        35        25         0
1776        35        26         0
1777        35        27         0
1778        35        28         0
1779        35        29         0
1780        35        30         0
1781        35        31         0
1782        35        32         1
1783        35        33         1
1784        35        34         1
1785        35        35         1
1786        35        36         1
1787        35        37         1
1788        35        38         1
1789        35        39         1
1790        35        40         1
1791        35        41         1
1792        35        42         1
1793        35        43         1
1794        35        44         1
1795        35        45         1
1796        35        46         1
1797        35        47         1
1798        35        48         1
1799        35        49         1
1800        36         0         1
1801        36         1         1
1802        36         2         1
1803        36         3         1
1804        36         4         1
1805        36         5         1
1806        36         6         1
1807        36         7         1
1808        36         8         1
1809        36         9         0
1810        36        10         0
1811        36        11         0
1812        36        12         1
1813        36        13         1
1814        36        14         0
1815        36        15         0
1816        36        16         0
1817        36        17         0
1818        36        18         0
1819        36        19         0
1820        36        20         1
1821        36        21         0
1822        36        22         0
1823        36        23         0
1824        36        24         0
1825        36        25         0
1826        36        26         0
1827        36        27         0
1828        36        28         0
1829        36        29         0
1830        36        30         0
1831        36        31         0
1832        36        32         0
1833        36        33         0
1834        36        34         0
1835        36        35         1
1836        36        36         1
1837        36        37         1
1838        36        38         1
1839        36        39         1
1840        36        40         1
1841        36        41         1
1842        36        42         1
1843        36        43         1
1844        36        44         1
1845        36        45         1
1846        36        46         1
1847        36        47         1
1848        36        48         1
1849        36        49         1
1850        37         0         1
1851        37         1         1
1852        37         2         1
1853        37         3         1
1854        37         4         1
1855        37         5         1
1856        37         6         1
1857        37         7         1
1858        37         8         1
1859        37         9         0
1860        37        10         0
1861        37        11         0
1862        37        12         0
1863        37        13         0
1864        37        14         0
1865        37        15         0
1866        37        16         0
1867        37        17         0
1868        37        18         0
1869        37        19         0
1870        37        20         0
1871        37        21         0
1872        37        22         0
1873        37        23         0
1874        37        24         0
1875        37        25         0
1876        37        26         0
1877        37        27         0
1878        37        28         0
1879        37        29         0
1880        37        30         0
1881        37        31         0
1882        37        32         0
1883        37        33         0
1884        37        34         0
1885        37        35         1
1886        37        36         1
1887        37        37         1
1888        37        38         1
1889        37        39         1
1890        37        40         1
1891        37        41         1
1892        37        42         1
1893        37        43         1
1894        37        44         1
1895        37        45         1
1896        37        46         1
1897        37        47         1
1898        37        48         1
1899        37        49         1
1900        38         0         1
1901        38         1         1
1902        38         2         1
1903        38         3         1
1904        38         4         1
1905        38         5         1
1906        38         6         1
1907        38         7         1
1908        38         8         1
1909        38         9         0
1910        38        10         0
1911        38        11         0
1912        38        12         0
1913        38        13         0
1914        38        14         0
1915        38        15         0
1916        38        16         0
1917        38        17         0
1918        38        18         0
1919        38        19         0
1920        38        20         0
1921        38        21         0
1922        38        22         0
1923        38        23         0
1924        38        24         0
1925        38        25         0
1926        38        26         1
1927        38        27         1
1928        38        28         1
1929        38        29         1
1930        38        30         1
1931        38        31         1
1932        38        32         1
1933        38        33         0
1934        38        34         1
1935        38        35         1
1936        38        36         1
1937        38        37         1
1938        38        38         1
1939        38        39         1
1940        38        40         1
1941        38        41         1
1942        38        42         1
1943        38        43         1
1944        38        44         1
1945        38        45         1
1946        38        46         1
1947        38        47         1
1948        38        48         1
1949        38        49         1
1950        39         0         1
1951        39         1         1
1952        39         2         1
1953        39         3         1
1954        39         4         1
1955        39         5         1
1956        39         6         1
1957        39         7         1
1958        39         8         1
1959        39         9         0
1960        39        10         0
1961        39        11         0
1962        39        12         0
1963        39        13         0
1964        39        14         1
1965        39        15         1
1966        39        16         0
1967        39        17         0
1968        39        18         0
1969        39        19         0
1970        39        20         0
1971        39        21         0
1972        39        22         0
1973        39        23         0
1974        39        24         0
1975        39        25         0
1976        39        26         1
1977        39        27         1
1978        39        28         1
1979        39        29         1
1980        39        30         1
1981        39        31         1
1982        39        32         1
1983        39        33         0
1984        39        34         1
1985        39        35         1
1986        39        36         1
1987        39        37         1
1988        39        38         1
1989        39        39         1
1990        39        40         1
1991        39        41         1
1992        39        42         1
1993        39        43         1
1994        39        44         1
1995        39        45         1
1996        39        46         1
1997        39        47         1
1998        39        48         1
1999        39        49         1
2000        40         0         1
2001        40         1         1
2002        40         2         1
2003        40         3         1
2004        40         4         1
2005        40         5         1
2006        40         6         1
2007        40         7         1
2008        40         8         1
2009        40         9         1
2010        40        10         0
2011        40        11         0
2012        40        12         0
2013        40        13         0
2014        40        14         0
2015        40        15         0
2016        40        16         0
2017        40        17         0
2018        40        18         0
2019        40        19         0
2020        40        20         0
2021        40        21         0
2022        40        22         0
2023        40        23         0
2024        40        24         1
2025        40        25         1
2026        40        26         1
2027        40        27         1
2028        40        28         1
2029        40        29         1
2030        40        30         1
2031        40        31         1
2032        40        32         1
2033        40        33         1
2034        40        34         1
2035        40        35         1
2036        40        36         1
2037        40        37         1
2038        40        38         1
2039        40        39         1
2040        40        40         1
2041        40        41         1
2042        40        42         1
2043        40        43         1
2044        40        44         1
2045        40        45         1
2046        40        46         1
2047        40        47         1
2048        40        48         1
2049        40        49         1
2050        41         0         1
2051        41         1         1
2052        41         2         1
2053        41         3         1
2054        41         4         1
2055        41         5         1
2056        41         6         1
2057        41         7         1
2058        41         8         0
2059        41         9         0
2060        41        10         0
2061        41        11         0
2062        41        12         0
2063        41        13         0
2064        41        14         0
2065        41        15         0
2066        41        16         0
2067        41        17         0
2068        41        18         0
2069        41        19         0
2070        41        20         0
2071        41        21         0
2072        41        22         0
2073        41        23         0
2074        41        24         1
2075        41        25         0
2076        41        26         1
2077        41        27         1
2078        41        28         1
2079        41        29         1
2080        41        30         1
2081        41        31         1
2082        41        32         1
2083        41        33         1
2084        41        34         1
2085        41        35         1
2086        41        36         1
2087        41        37         1
2088        41        38         1
2089        41        39         1
2090        41        40         1
2091        41        41         1
2092        41        42         1
2093        41        43         1
2094        41        44         1
2095        41        45         1
2096        41        46         1
2097        41        47         1
2098        41        48         1
2099        41        49         1
2100        42         0         1
2101        42         1         1
2102        42         2         1
2103        42         3         1
2104        42         4         1
2105        42         5         1
2106        42         6         1
2107        42         7         1
2108        42         8         0
2109        42         9         0
2110        42        10         0
2111        42        11         0
2112        42        12         0
2113        42        13         0
2114        42        14         0
2115        42        15         0
2116        42        16         0
2117        42        17         0
2118        42        18         0
2119        42        19         0
2120        42        20         0
2121        42        21         0
2122        42        22         0
2123        42        23         0
2124        42        24         0
2125        42        25         0
2126        42        26         1
2127        42        27         1
2128        42        28         1
2129        42        29         1
2130        42        30         1
2131        42        31         1
2132        42        32         1
2133        42        33         1
2134        42        34         1
2135        42        35         1
2136        42        36         1
2137        42        37         1
2138        42        38         1
2139        42        39         1
2140        42        40         1
2141        42        41         1
2142        42        42         1
2143        42        43         1
2144        42        44         1
2145        42        45         1
2146        42        46         1
2147        42        47         1
2148        42        48         1
2149        42        49         1
2150        43         0         1
2151        43         1         1
2152        43         2         1
2153        43         3         1
2154        43         4         1
2155        43         5         1
2156        43         6         1
2157        43         7         1
2158        43         8         1
2159        43         9         1
2160        43        10         0
2161        43        11         0
2162        43        12         0
2163        43        13         0
2164        43        14         0
2165        43        15         0
2166        43        16         0
2167        43        17         0
2168        43        18         0
2169        43        19         0
2170        43        20         0
2171        43        21         0
2172        43        22         0
2173        43        23         0
2174        43        24         0
2175        43        25         0
2176        43        26         1
2177        43        27         1
2178        43        28         1
2179        43        29         1
2180        43        30         1
2181        43        31         1
2182        43        32         1
2183        43        33         1
2184        43        34         1
2185        43        35         1
2186        43        36         1
2187        43        37         1
2188        43        38         1
2189        43        39         1
2190        43        40         1
2191        43        41         1
2192        43        42         1
2193        43        43         1
2194        43        44         1
2195        43        45         1
2196        43        46         1
2197        43        47         1
2198        43        48         1
2199        43        49         1
2200        44         0         1
2201        44         1         1
2202        44         2         1
2203        44         3         1
2204        44         4         1
2205        44         5         1
2206        44         6         1
2207        44         7         1
2208        44         8         1
2209        44         9         1
2210        44        10         0
2211        44        11         0
2212        44        12         0
2213        44        13         0
2214        44        14         0
2215        44        15         1
2216        44        16         1
2217        44        17         0
2218        44        18         0
2219        44        19         0
2220        44        20         1
2221        44        21         0
2222        44        22         0
2223        44        23         0
2224        44        24         0
2225        44        25         0
2226        44        26         0
2227        44        27         0
2228        44        28         0
2229        44        29         1
2230        44        30         1
2231        44        31         1
2232        44        32         1
2233        44        33         1
2234        44        34         1
2235        44        35         1
2236        44        36         1
2237        44        37         1
2238        44        38         1
2239        44        39         1
2240        44        40         1
2241        44        41         1
2242        44        42         1
2243        44        43         1
2244        44        44         1
2245        44        45         1
2246        44        46         1
2247        44        47         1
2248        44        48         1
2249        44        49         1
2250        45         0         1
2251        45         1         1
2252        45         2         1
2253        45         3         1
2254        45         4         1
2255        45         5         1
2256        45         6         1
2257        45         7         1
2258        45         8         1
2259        45         9         0
2260        45        10         0
2261        45        11         1
2262        45        12         1
2263        45        13         0
2264        45        14         0
2265        45        15         1
2266        45        16         1
2267        45        17         1
2268        45        18         1
2269        45        19         0
2270        45        20         0
2271        45        21         1
2272        45        22         0
2273        45        23         0
2274        45        24         0
2275        45        25         0
2276        45        26         0
2277        45        27         0
2278        45        28         1
2279        45        29         1
2280        45        30         1
2281        45        31         1
2282        45        32         1
2283        45        33         1
2284        45        34         1
2285        45        35         1
2286        45        36         1
2287        45        37         1
2288        45        38         1
2289        45        39         1
2290        45        40         1
2291        45        41         1
2292        45        42         1
2293        45        43         1
2294        45        44         1
2295        45        45         1
2296        45        46         1
2297        45        47         1
2298        45        48         1
2299        45        49         1
2300        46         0         1
2301        46         1         1
2302        46         2         1
2303        46         3         1
2304        46         4         1
2305        46         5         1
2306        46         6         1
2307        46         7         1
2308        46         8         1
2309        46         9         0
2310        46        10         1
2311        46        11         1
2312        46        12         1
2313        46        13         1
2314        46        14         1
2315        46        15         1
2316        46        16         0
2317        46        17         0
2318        46        18         0
2319        46        19         0
2320        46        20         0
2321        46        21         0
2322        46        22         0
2323        46        23         1
2324        46        24         0
2325        46        25         0
2326        46        26         0
2327        46        27         0
2328        46        28         1
2329        46        29         1
2330        46        30         1
2331        46        31         1
2332        46        32         1
2333        46        33         1
2334        46        34         1
2335        46        35         1
2336        46        36         1
2337        46        37         1
2338        46        38         1
2339        46        39         1
2340        46        40         1
2341        46        41         1
2342        46        42         1
2343        46        43         1
2344        46        44         1
2345        46        45         1
2346        46        46         1
2347        46        47         1
2348        46        48         1
2349        46        49         1
2350        47         0         1
2351        47         1         1
2352        47         2         1
2353        47         3         1
2354        47         4         1
2355        47         5         1
2356        47         6         1
2357        47         7         1
2358        47         8         1
2359        47         9         1
2360        47        10         1
2361        47        11         1
2362        47        12         1
2363        47        13         1
2364        47        14         1
2365        47        15         1
2366        47        16         0
2367        47        17         0
2368        47        18         1
2369        47        19         0
2370        47        20         0
2371        47        21         0
2372        47        22         1
2373        47        23         1
2374        47        24         1
2375        47        25         0
2376        47        26         0
2377        47        27         1
2378        47        28         1
2379        47        29         1
2380        47        30         1
2381        47        31         1
2382        47        32         1
2383        47        33         1
2384        47        34         1
2385        47        35         1
2386        47        36         1
2387        47        37         1
2388        47        38         1
2389        47        39         1
2390        47        40         1
2391        47        41         1
2392        47        42         1
2393        47        43         1
2394        47        44         1
2395        47        45         1
2396        47        46         1
2397        47        47         1
2398        47        48         1
2399        47        49         1
2400        48         0         1
2401        48         1         1
2402        48         2         1
2403        48         3         1
2404        48         4         1
2405        48         5         1
2406        48         6         1
2407        48         7         1
2408        48         8         1
2409        48         9         1
2410        48        10         1
2411        48        11         1
2412        48        12         1
2413        48        13         1
2414        48        14         1
2415        48        15         1
2416        48        16         1
2417        48        17         1
2418        48        18         1
2419        48        19         1
2420        48        20         0
2421        48        21         0
2422        48        22         0
2423        48        23         1
2424        48        24         1
2425        48        25         0
2426        48        26         0
2427        48        27         0
2428        48        28         0
2429        48        29         1
2430        48        30         1
2431        48        31         1
2432        48        32         1
2433        48        33         1
2434        48        34         1
2435        48        35         1
2436        48        36         1
2437        48        37         1
2438        48        38         1
2439        48        39         1
2440        48        40         1
2441        48        41         1
2442        48        42         1
2443        48        43         1
2444        48        44         1
2445        48        45         1
2446        48        46         1
2447        48        47         1
2448        48        48         1
2449        48        49         1
2450        49         0         1
2451        49         1         1
2452        49         2         1
2453        49         3         1
2454        49         4         1
2455        49         5         1
2456        49         6         1
2457        49         7         1
2458        49         8         1
2459        49         9         1
2460        49        10         1
2461        49        11         1
2462        49        12         1
2463        49        13         1
2464        49        14         1
2465        49        15         1
2466        49        16         1
2467        49        17         1
2468        49        18         1
2469        49        19         1
2470        49        20         0
2471        49        21         0
2472        49        22         0
2473        49        23         1
2474        49        24         1
2475        49        25         0
2476        49        26         0
2477        49        27         0
2478        49        28         0
2479        49        29         0
2480        49        30         1
2481        49        31         1
2482        49        32         1
2483        49        33         1
2484        49        34         1
2485        49        35         1
2486        49        36         1
2487        49        37         1
2488        49        38         1
2489        49        39         1
2490        49        40         1
2491        49        41         1
2492        49        42         1
2493        49        43         1
2494        49        44         1
2495        49        45         1
2496        49        46         1
2497        49        47         1
2498        49        48         1
2499        49        49         1
