#t           SANO     QUEMANDOSE        QUEMADO
0         999999              1              0
1         999997              2              1
2         999994              3              3
3         999992              2              6
4         999990              2              8
5         999987              3             10
6         999982              5             13
7         999979              3             18
8         999977              2             21
9         999973              4             23
10         999971              2             27
11         999969              2             29
12         999967              2             31
13         999963              4             33
14         999960              3             37
15         999958              2             40
16         999954              4             42
17         999949              5             46
18         999946              3             51
19         999941              5             54
20         999936              5             59
21         999932              4             64
22         999926              6             68
23         999919              7             74
24         999909             10             81
25         999899             10             91
26         999887             12            101
27         999870             17            113
28         999857             13            130
29         999843             14            143
30         999823             20            157
31         999805             18            177
32         999792             13            195
33         999777             15            208
34         999761             16            223
35         999744             17            239
36         999729             15            256
37         999717             12            271
38         999708              9            283
39         999701              7            292
40         999690             11            299
41         999679             11            310
42         999665             14            321
43         999649             16            335
44         999631             18            351
45         999613             18            369
46         999600             13            387
47         999587             13            400
48         999574             13            413
49         999561             13            426
50         999547             14            439
51         999533             14            453
52         999520             13            467
53         999503             17            480
54         999483             20            497
55         999466             17            517
56         999447             19            534
57         999430             17            553
58         999414             16            570
59         999394             20            586
60         999375             19            606
61         999354             21            625
62         999326             28            646
63         999302             24            674
64         999279             23            698
65         999257             22            721
66         999228             29            743
67         999203             25            772
68         999185             18            797
69         999164             21            815
70         999143             21            836
71         999116             27            857
72         999090             26            884
73         999069             21            910
74         999050             19            931
75         999030             20            950
76         999006             24            970
77         998978             28            994
78         998948             30           1022
79         998916             32           1052
80         998883             33           1084
81         998854             29           1117
82         998824             30           1146
83         998795             29           1176
84         998762             33           1205
85         998727             35           1238
86         998686             41           1273
87         998643             43           1314
88         998601             42           1357
89         998563             38           1399
90         998521             42           1437
91         998485             36           1479
92         998449             36           1515
93         998418             31           1551
94         998388             30           1582
95         998363             25           1612
96         998341             22           1637
97         998317             24           1659
98         998302             15           1683
99         998286             16           1698
100         998263             23           1714
101         998234             29           1737
102         998205             29           1766
103         998175             30           1795
104         998144             31           1825
105         998118             26           1856
106         998096             22           1882
107         998067             29           1904
108         998041             26           1933
109         998023             18           1959
110         998004             19           1977
111         997980             24           1996
112         997956             24           2020
113         997932             24           2044
114         997912             20           2068
115         997898             14           2088
116         997882             16           2102
117         997869             13           2118
118         997853             16           2131
119         997835             18           2147
120         997821             14           2165
121         997807             14           2179
122         997792             15           2193
123         997777             15           2208
124         997761             16           2223
125         997743             18           2239
126         997712             31           2257
127         997680             32           2288
128         997650             30           2320
129         997621             29           2350
130         997597             24           2379
131         997572             25           2403
132         997551             21           2428
133         997529             22           2449
134         997505             24           2471
135         997486             19           2495
136         997466             20           2514
137         997447             19           2534
138         997425             22           2553
139         997399             26           2575
140         997378             21           2601
141         997350             28           2622
142         997319             31           2650
143         997290             29           2681
144         997265             25           2710
145         997236             29           2735
146         997217             19           2764
147         997195             22           2783
148         997171             24           2805
149         997148             23           2829
150         997124             24           2852
151         997099             25           2876
152         997079             20           2901
153         997062             17           2921
154         997049             13           2938
155         997031             18           2951
156         997016             15           2969
157         997003             13           2984
158         996987             16           2997
159         996962             25           3013
160         996931             31           3038
161         996898             33           3069
162         996864             34           3102
163         996829             35           3136
164         996806             23           3171
165         996787             19           3194
166         996763             24           3213
167         996739             24           3237
168         996721             18           3261
169         996700             21           3279
170         996676             24           3300
171         996657             19           3324
172         996639             18           3343
173         996617             22           3361
174         996598             19           3383
175         996580             18           3402
176         996564             16           3420
177         996546             18           3436
178         996528             18           3454
179         996506             22           3472
180         996488             18           3494
181         996475             13           3512
182         996465             10           3525
183         996456              9           3535
184         996449              7           3544
185         996442              7           3551
186         996434              8           3558
187         996429              5           3566
188         996424              5           3571
189         996420              4           3576
190         996415              5           3580
191         996410              5           3585
192         996403              7           3590
193         996399              4           3597
194         996396              3           3601
195         996393              3           3604
196         996390              3           3607
197         996385              5           3610
198         996378              7           3615
199         996371              7           3622
200         996366              5           3629
201         996359              7           3634
202         996353              6           3641
203         996345              8           3647
204         996333             12           3655
205         996323             10           3667
206         996317              6           3677
207         996312              5           3683
208         996307              5           3688
209         996300              7           3693
210         996293              7           3700
211         996285              8           3707
212         996275             10           3715
213         996262             13           3725
214         996248             14           3738
215         996238             10           3752
216         996229              9           3762
217         996221              8           3771
218         996211             10           3779
219         996203              8           3789
220         996198              5           3797
221         996192              6           3802
222         996185              7           3808
223         996176              9           3815
224         996168              8           3824
225         996158             10           3832
226         996145             13           3842
227         996135             10           3855
228         996124             11           3865
229         996110             14           3876
230         996100             10           3890
231         996088             12           3900
232         996079              9           3912
233         996072              7           3921
234         996061             11           3928
235         996053              8           3939
236         996046              7           3947
237         996037              9           3954
238         996027             10           3963
239         996018              9           3973
240         996010              8           3982
241         996005              5           3990
242         995999              6           3995
243         995993              6           4001
244         995985              8           4007
245         995975             10           4015
246         995963             12           4025
247         995954              9           4037
248         995944             10           4046
249         995929             15           4056
250         995913             16           4071
251         995896             17           4087
252         995880             16           4104
253         995863             17           4120
254         995844             19           4137
255         995827             17           4156
256         995810             17           4173
257         995792             18           4190
258         995770             22           4208
259         995749             21           4230
260         995731             18           4251
261         995710             21           4269
262         995687             23           4290
263         995666             21           4313
264         995650             16           4334
265         995632             18           4350
266         995616             16           4368
267         995599             17           4384
268         995581             18           4401
269         995561             20           4419
270         995540             21           4439
271         995524             16           4460
272         995504             20           4476
273         995487             17           4496
274         995470             17           4513
275         995452             18           4530
276         995433             19           4548
277         995414             19           4567
278         995398             16           4586
279         995383             15           4602
280         995369             14           4617
281         995357             12           4631
282         995342             15           4643
283         995327             15           4658
284         995315             12           4673
285         995308              7           4685
286         995301              7           4692
287         995293              8           4699
288         995288              5           4707
289         995283              5           4712
290         995280              3           4717
291         995276              4           4720
292         995275              1           4724
293         995273              2           4725
294         995273              0           4727
