#t           SANO     QUEMANDOSE        QUEMADO
0         999999              1              0
1         999996              3              1
2         999991              5              4
3         999985              6              9
4         999978              7             15
5         999969              9             22
6         999959             10             31
7         999950              9             41
8         999939             11             50
9         999927             12             61
10         999913             14             73
11         999901             12             87
12         999888             13             99
13         999875             13            112
14         999861             14            125
15         999849             12            139
16         999841              8            151
17         999831             10            159
18         999820             11            169
19         999807             13            180
20         999795             12            193
21         999784             11            205
22         999773             11            216
23         999764              9            227
24         999753             11            236
25         999737             16            247
26         999725             12            263
27         999715             10            275
28         999703             12            285
29         999689             14            297
30         999674             15            311
31         999660             14            326
32         999642             18            340
33         999628             14            358
34         999614             14            372
35         999601             13            386
36         999585             16            399
37         999565             20            415
38         999543             22            435
39         999517             26            457
40         999491             26            483
41         999462             29            509
42         999436             26            538
43         999409             27            564
44         999383             26            591
45         999359             24            617
46         999341             18            641
47         999322             19            659
48         999295             27            678
49         999264             31            705
50         999227             37            736
51         999191             36            773
52         999149             42            809
53         999102             47            851
54         999056             46            898
55         999015             41            944
56         998976             39            985
57         998939             37           1024
58         998904             35           1061
59         998867             37           1096
60         998825             42           1133
61         998790             35           1175
62         998761             29           1210
63         998728             33           1239
64         998689             39           1272
65         998648             41           1311
66         998604             44           1352
67         998555             49           1396
68         998500             55           1445
69         998452             48           1500
70         998396             56           1548
71         998342             54           1604
72         998283             59           1658
73         998226             57           1717
74         998179             47           1774
75         998127             52           1821
76         998078             49           1873
77         998029             49           1922
78         997985             44           1971
79         997939             46           2015
80         997891             48           2061
81         997848             43           2109
82         997798             50           2152
83         997750             48           2202
84         997705             45           2250
85         997660             45           2295
86         997613             47           2340
87         997560             53           2387
88         997515             45           2440
89         997465             50           2485
90         997407             58           2535
91         997365             42           2593
92         997324             41           2635
93         997284             40           2676
94         997243             41           2716
95         997198             45           2757
96         997151             47           2802
97         997099             52           2849
98         997054             45           2901
99         997007             47           2946
100         996961             46           2993
101         996917             44           3039
102         996869             48           3083
103         996821             48           3131
104         996774             47           3179
105         996723             51           3226
106         996656             67           3277
107         996581             75           3344
108         996516             65           3419
109         996437             79           3484
110         996347             90           3563
111         996259             88           3653
112         996184             75           3741
113         996106             78           3816
114         996032             74           3894
115         995948             84           3968
116         995867             81           4052
117         995789             78           4133
118         995703             86           4211
119         995618             85           4297
120         995528             90           4382
121         995448             80           4472
122         995376             72           4552
123         995304             72           4624
124         995236             68           4696
125         995164             72           4764
126         995094             70           4836
127         995019             75           4906
128         994937             82           4981
129         994855             82           5063
130         994785             70           5145
131         994722             63           5215
132         994653             69           5278
133         994567             86           5347
134         994472             95           5433
135         994379             93           5528
136         994285             94           5621
137         994199             86           5715
138         994119             80           5801
139         994055             64           5881
140         993986             69           5945
141         993920             66           6014
142         993852             68           6080
143         993780             72           6148
144         993712             68           6220
145         993641             71           6288
146         993566             75           6359
147         993494             72           6434
148         993426             68           6506
149         993345             81           6574
150         993252             93           6655
151         993166             86           6748
152         993080             86           6834
153         992988             92           6920
154         992901             87           7012
155         992807             94           7099
156         992712             95           7193
157         992610            102           7288
158         992505            105           7390
159         992400            105           7495
160         992287            113           7600
161         992145            142           7713
162         992002            143           7855
163         991875            127           7998
164         991746            129           8125
165         991602            144           8254
166         991447            155           8398
167         991287            160           8553
168         991138            149           8713
169         990984            154           8862
170         990820            164           9016
171         990656            164           9180
172         990494            162           9344
173         990334            160           9506
174         990173            161           9666
175         990009            164           9827
176         989850            159           9991
177         989699            151          10150
178         989554            145          10301
179         989417            137          10446
180         989280            137          10583
181         989158            122          10720
182         989046            112          10842
183         988931            115          10954
184         988815            116          11069
185         988697            118          11185
186         988580            117          11303
187         988457            123          11420
188         988328            129          11543
189         988197            131          11672
190         988054            143          11803
191         987913            141          11946
192         987782            131          12087
193         987657            125          12218
194         987527            130          12343
195         987395            132          12473
196         987259            136          12605
197         987117            142          12741
198         986998            119          12883
199         986880            118          13002
200         986753            127          13120
201         986624            129          13247
202         986505            119          13376
203         986389            116          13495
204         986252            137          13611
205         986126            126          13748
206         986001            125          13874
207         985876            125          13999
208         985751            125          14124
209         985612            139          14249
210         985473            139          14388
211         985326            147          14527
212         985176            150          14674
213         985028            148          14824
214         984878            150          14972
215         984720            158          15122
216         984550            170          15280
217         984392            158          15450
218         984245            147          15608
219         984110            135          15755
220         983976            134          15890
221         983858            118          16024
222         983750            108          16142
223         983631            119          16250
224         983509            122          16369
225         983389            120          16491
226         983274            115          16611
227         983149            125          16726
228         983012            137          16851
229         982865            147          16988
230         982710            155          17135
231         982541            169          17290
232         982368            173          17459
233         982202            166          17632
234         982044            158          17798
235         981885            159          17956
236         981746            139          18115
237         981610            136          18254
238         981463            147          18390
239         981320            143          18537
240         981180            140          18680
241         981018            162          18820
242         980847            171          18982
243         980671            176          19153
244         980491            180          19329
245         980318            173          19509
246         980143            175          19682
247         979971            172          19857
248         979804            167          20029
249         979637            167          20196
250         979462            175          20363
251         979295            167          20538
252         979119            176          20705
253         978939            180          20881
254         978755            184          21061
255         978558            197          21245
256         978351            207          21442
257         978148            203          21649
258         977952            196          21852
259         977743            209          22048
260         977500            243          22257
261         977243            257          22500
262         976993            250          22757
263         976741            252          23007
264         976482            259          23259
265         976229            253          23518
266         975969            260          23771
267         975689            280          24031
268         975397            292          24311
269         975097            300          24603
270         974796            301          24903
271         974501            295          25204
272         974189            312          25499
273         973851            338          25811
274         973503            348          26149
275         973169            334          26497
276         972812            357          26831
277         972470            342          27188
278         972140            330          27530
279         971807            333          27860
280         971494            313          28193
281         971177            317          28506
282         970848            329          28823
283         970533            315          29152
284         970220            313          29467
285         969921            299          29780
286         969632            289          30079
287         969339            293          30368
288         969041            298          30661
289         968722            319          30959
290         968428            294          31278
291         968134            294          31572
292         967824            310          31866
293         967516            308          32176
294         967197            319          32484
295         966879            318          32803
296         966565            314          33121
297         966249            316          33435
298         965926            323          33751
299         965599            327          34074
300         965269            330          34401
301         964925            344          34731
302         964582            343          35075
303         964236            346          35418
304         963870            366          35764
305         963489            381          36130
306         963116            373          36511
307         962749            367          36884
308         962390            359          37251
309         962039            351          37610
310         961684            355          37961
311         961359            325          38316
312         961020            339          38641
313         960667            353          38980
314         960340            327          39333
315         959990            350          39660
316         959655            335          40010
317         959323            332          40345
318         958995            328          40677
319         958650            345          41005
320         958298            352          41350
321         957931            367          41702
322         957567            364          42069
323         957221            346          42433
324         956860            361          42779
325         956488            372          43140
326         956099            389          43512
327         955736            363          43901
328         955372            364          44264
329         955005            367          44628
330         954635            370          44995
331         954262            373          45365
332         953904            358          45738
333         953536            368          46096
334         953189            347          46464
335         952820            369          46811
336         952429            391          47180
337         952054            375          47571
338         951691            363          47946
339         951327            364          48309
340         950960            367          48673
341         950578            382          49040
342         950215            363          49422
343         949822            393          49785
344         949424            398          50178
345         949020            404          50576
346         948590            430          50980
347         948156            434          51410
348         947702            454          51844
349         947242            460          52298
350         946791            451          52758
351         946339            452          53209
352         945875            464          53661
353         945413            462          54125
354         944969            444          54587
355         944528            441          55031
356         944102            426          55472
357         943674            428          55898
358         943226            448          56326
359         942780            446          56774
360         942343            437          57220
361         941928            415          57657
362         941533            395          58072
363         941130            403          58467
364         940712            418          58870
365         940285            427          59288
366         939864            421          59715
367         939443            421          60136
368         939036            407          60557
369         938643            393          60964
370         938236            407          61357
371         937800            436          61764
372         937342            458          62200
373         936880            462          62658
374         936422            458          63120
375         935963            459          63578
376         935530            433          64037
377         935081            449          64470
378         934643            438          64919
379         934221            422          65357
380         933823            398          65779
381         933417            406          66177
382         933002            415          66583
383         932557            445          66998
384         932122            435          67443
385         931704            418          67878
386         931277            427          68296
387         930858            419          68723
388         930428            430          69142
389         929977            451          69572
390         929513            464          70023
391         929068            445          70487
392         928641            427          70932
393         928205            436          71359
394         927797            408          71795
395         927361            436          72203
396         926911            450          72639
397         926460            451          73089
398         926023            437          73540
399         925592            431          73977
400         925162            430          74408
401         924751            411          74838
402         924313            438          75249
403         923847            466          75687
404         923413            434          76153
405         922967            446          76587
406         922537            430          77033
407         922101            436          77463
408         921634            467          77899
409         921157            477          78366
410         920665            492          78843
411         920174            491          79335
412         919704            470          79826
413         919232            472          80296
414         918755            477          80768
415         918279            476          81245
416         917803            476          81721
417         917322            481          82197
418         916837            485          82678
419         916342            495          83163
420         915842            500          83658
421         915321            521          84158
422         914801            520          84679
423         914285            516          85199
424         913748            537          85715
425         913225            523          86252
426         912688            537          86775
427         912167            521          87312
428         911638            529          87833
429         911148            490          88362
430         910666            482          88852
431         910186            480          89334
432         909697            489          89814
433         909213            484          90303
434         908721            492          90787
435         908226            495          91279
436         907721            505          91774
437         907203            518          92279
438         906702            501          92797
439         906200            502          93298
440         905670            530          93800
441         905118            552          94330
442         904530            588          94882
443         903961            569          95470
444         903374            587          96039
445         902751            623          96626
446         902161            590          97249
447         901597            564          97839
448         901026            571          98403
449         900481            545          98974
450         899933            548          99519
451         899393            540         100067
452         898863            530         100607
453         898323            540         101137
454         897796            527         101677
455         897264            532         102204
456         896722            542         102736
457         896201            521         103278
458         895663            538         103799
459         895131            532         104337
460         894597            534         104869
461         894072            525         105403
462         893569            503         105928
463         893098            471         106431
464         892604            494         106902
465         892093            511         107396
466         891595            498         107907
467         891111            484         108405
468         890615            496         108889
469         890110            505         109385
470         889585            525         109890
471         889062            523         110415
472         888541            521         110938
473         888005            536         111459
474         887495            510         111995
475         886981            514         112505
476         886464            517         113019
477         885951            513         113536
478         885436            515         114049
479         884929            507         114564
480         884428            501         115071
481         883924            504         115572
482         883418            506         116076
483         882896            522         116582
484         882386            510         117104
485         881856            530         117614
486         881280            576         118144
487         880700            580         118720
488         880122            578         119300
489         879538            584         119878
490         878939            599         120462
491         878321            618         121061
492         877734            587         121679
493         877157            577         122266
494         876580            577         122843
495         876006            574         123420
496         875427            579         123994
497         874850            577         124573
498         874259            591         125150
499         873665            594         125741
500         873054            611         126335
501         872419            635         126946
502         871803            616         127581
503         871176            627         128197
504         870539            637         128824
505         869939            600         129461
506         869339            600         130061
507         868741            598         130661
508         868122            619         131259
509         867511            611         131878
510         866904            607         132489
511         866256            648         133096
512         865574            682         133744
513         864865            709         134426
514         864157            708         135135
515         863465            692         135843
516         862794            671         136535
517         862144            650         137206
518         861468            676         137856
519         860823            645         138532
520         860191            632         139177
521         859514            677         139809
522         858828            686         140486
523         858181            647         141172
524         857533            648         141819
525         856874            659         142467
526         856243            631         143126
527         855637            606         143757
528         855042            595         144363
529         854473            569         144958
530         853880            593         145527
531         853267            613         146120
532         852686            581         146733
533         852090            596         147314
534         851460            630         147910
535         850771            689         148540
536         850101            670         149229
537         849437            664         149899
538         848752            685         150563
539         848045            707         151248
540         847322            723         151955
541         846600            722         152678
542         845865            735         153400
543         845148            717         154135
544         844447            701         154852
545         843760            687         155553
546         843083            677         156240
547         842413            670         156917
548         841750            663         157587
549         841063            687         158250
550         840343            720         158937
551         839632            711         159657
552         838938            694         160368
553         838267            671         161062
554         837601            666         161733
555         836964            637         162399
556         836348            616         163036
557         835714            634         163652
558         835077            637         164286
559         834434            643         164923
560         833785            649         165566
561         833135            650         166215
562         832498            637         166865
563         831867            631         167502
564         831262            605         168133
565         830665            597         168738
566         830068            597         169335
567         829497            571         169932
568         828923            574         170503
569         828352            571         171077
570         827778            574         171648
571         827211            567         172222
572         826609            602         172789
573         826020            589         173391
574         825424            596         173980
575         824833            591         174576
576         824224            609         175167
577         823603            621         175776
578         822954            649         176397
579         822292            662         177046
580         821620            672         177708
581         820954            666         178380
582         820252            702         179046
583         819560            692         179748
584         818888            672         180440
585         818234            654         181112
586         817565            669         181766
587         816896            669         182435
588         816228            668         183104
589         815526            702         183772
590         814815            711         184474
591         814076            739         185185
592         813349            727         185924
593         812637            712         186651
594         811937            700         187363
595         811206            731         188063
596         810482            724         188794
597         809727            755         189518
598         808936            791         190273
599         808167            769         191064
600         807395            772         191833
601         806602            793         192605
602         805825            777         193398
603         805090            735         194175
604         804343            747         194910
605         803590            753         195657
606         802839            751         196410
607         802050            789         197161
608         801277            773         197950
609         800493            784         198723
610         799670            823         199507
611         798862            808         200330
612         798066            796         201138
613         797263            803         201934
614         796429            834         202737
615         795586            843         203571
616         794697            889         204414
617         793834            863         205303
618         792992            842         206166
619         792158            834         207008
620         791322            836         207842
621         790510            812         208678
622         789685            825         209490
623         788834            851         210315
624         787962            872         211166
625         787059            903         212038
626         786182            877         212941
627         785342            840         213818
628         784511            831         214658
629         783721            790         215489
630         782936            785         216279
631         782111            825         217064
632         781265            846         217889
633         780423            842         218735
634         779595            828         219577
635         778782            813         220405
636         777949            833         221218
637         777104            845         222051
638         776274            830         222896
639         775383            891         223726
640         774480            903         224617
641         773579            901         225520
642         772699            880         226421
643         771777            922         227301
644         770864            913         228223
645         769955            909         229136
646         769000            955         230045
647         768051            949         231000
648         767084            967         231949
649         766157            927         232916
650         765269            888         233843
651         764412            857         234731
652         763548            864         235588
653         762705            843         236452
654         761849            856         237295
655         760996            853         238151
656         760118            878         239004
657         759265            853         239882
658         758425            840         240735
659         757578            847         241575
660         756727            851         242422
661         755879            848         243273
662         755011            868         244121
663         754105            906         244989
664         753176            929         245895
665         752236            940         246824
666         751282            954         247764
667         750302            980         248718
668         749346            956         249698
669         748371            975         250654
670         747377            994         251629
671         746422            955         252623
672         745478            944         253578
673         744565            913         254522
674         743654            911         255435
675         742795            859         256346
676         741931            864         257205
677         741053            878         258069
678         740145            908         258947
679         739214            931         259855
680         738285            929         260786
681         737347            938         261715
682         736423            924         262653
683         735493            930         263577
684         734568            925         264507
685         733681            887         265432
686         732793            888         266319
687         731891            902         267207
688         730986            905         268109
689         730096            890         269014
690         729211            885         269904
691         728300            911         270789
692         727395            905         271700
693         726502            893         272605
694         725586            916         273498
695         724667            919         274414
696         723739            928         275333
697         722787            952         276261
698         721856            931         277213
699         720928            928         278144
700         720018            910         279072
701         719082            936         279982
702         718147            935         280918
703         717184            963         281853
704         716201            983         282816
705         715276            925         283799
706         714376            900         284724
707         713495            881         285624
708         712605            890         286505
709         711727            878         287395
710         710831            896         288273
711         709938            893         289169
712         709059            879         290062
713         708186            873         290941
714         707317            869         291814
715         706483            834         292683
716         705672            811         293517
717         704849            823         294328
718         704009            840         295151
719         703167            842         295991
720         702317            850         296833
721         701462            855         297683
722         700591            871         298538
723         699741            850         299409
724         698896            845         300259
725         698056            840         301104
726         697197            859         301944
727         696323            874         302803
728         695473            850         303677
729         694605            868         304527
730         693741            864         305395
731         692847            894         306259
732         691946            901         307153
733         691084            862         308054
734         690205            879         308916
735         689301            904         309795
736         688370            931         310699
737         687457            913         311630
738         686529            928         312543
739         685597            932         313471
740         684659            938         314403
741         683714            945         315341
742         682741            973         316286
743         681780            961         317259
744         680837            943         318220
745         679908            929         319163
746         679033            875         320092
747         678176            857         320967
748         677290            886         321824
749         676417            873         322710
750         675576            841         323583
751         674759            817         324424
752         673966            793         325241
753         673182            784         326034
754         672404            778         326818
755         671598            806         327596
756         670769            829         328402
757         669912            857         329231
758         669060            852         330088
759         668166            894         330940
760         667288            878         331834
761         666427            861         332712
762         665583            844         333573
763         664702            881         334417
764         663817            885         335298
765         662902            915         336183
766         661977            925         337098
767         661055            922         338023
768         660121            934         338945
769         659166            955         339879
770         658248            918         340834
771         657350            898         341752
772         656469            881         342650
773         655615            854         343531
774         654726            889         344385
775         653844            882         345274
776         652964            880         346156
777         652068            896         347036
778         651187            881         347932
779         650302            885         348813
780         649437            865         349698
781         648577            860         350563
782         647719            858         351423
783         646843            876         352281
784         645975            868         353157
785         645134            841         354025
786         644277            857         354866
787         643414            863         355723
788         642580            834         356586
789         641718            862         357420
790         640838            880         358282
791         639967            871         359162
792         639136            831         360033
793         638281            855         360864
794         637411            870         361719
795         636560            851         362589
796         635704            856         363440
797         634884            820         364296
798         634049            835         365116
799         633210            839         365951
800         632360            850         366790
801         631476            884         367640
802         630568            908         368524
803         629666            902         369432
804         628764            902         370334
805         627864            900         371236
806         626949            915         372136
807         626029            920         373051
808         625126            903         373971
809         624191            935         374874
810         623282            909         375809
811         622339            943         376718
812         621381            958         377661
813         620441            940         378619
814         619481            960         379559
815         618533            948         380519
816         617564            969         381467
817         616577            987         382436
818         615556           1021         383423
819         614522           1034         384444
820         613465           1057         385478
821         612403           1062         386535
822         611373           1030         387597
823         610323           1050         388627
824         609279           1044         389677
825         608185           1094         390721
826         607039           1146         391815
827         605921           1118         392961
828         604825           1096         394079
829         603677           1148         395175
830         602501           1176         396323
831         601341           1160         397499
832         600177           1164         398659
833         598991           1186         399823
834         597792           1199         401009
835         596594           1198         402208
836         595418           1176         403406
837         594245           1173         404582
838         593087           1158         405755
839         591936           1151         406913
840         590802           1134         408064
841         589682           1120         409198
842         588583           1099         410318
843         587483           1100         411417
844         586386           1097         412517
845         585284           1102         413614
846         584194           1090         414716
847         583122           1072         415806
848         582061           1061         416878
849         580953           1108         417939
850         579809           1144         419047
851         578686           1123         420191
852         577569           1117         421314
853         576481           1088         422431
854         575397           1084         423519
855         574335           1062         424603
856         573240           1095         425665
857         572177           1063         426760
858         571087           1090         427823
859         569968           1119         428913
860         568835           1133         430032
861         567700           1135         431165
862         566572           1128         432300
863         565419           1153         433428
864         564293           1126         434581
865         563141           1152         435707
866         562011           1130         436859
867         560896           1115         437989
868         559787           1109         439104
869         558644           1143         440213
870         557516           1128         441356
871         556406           1110         442484
872         555306           1100         443594
873         554220           1086         444694
874         553120           1100         445780
875         552049           1071         446880
876         551030           1019         447951
877         550025           1005         448970
878         549044            981         449975
879         548026           1018         450956
880         546979           1047         451974
881         545919           1060         453021
882         544840           1079         454081
883         543745           1095         455160
884         542659           1086         456255
885         541566           1093         457341
886         540488           1078         458434
887         539437           1051         459512
888         538386           1051         460563
889         537285           1101         461614
890         536154           1131         462715
891         535016           1138         463846
892         533804           1212         464984
893         532587           1217         466196
894         531422           1165         467413
895         530274           1148         468578
896         529108           1166         469726
897         527899           1209         470892
898         526711           1188         472101
899         525528           1183         473289
900         524342           1186         474472
901         523188           1154         475658
902         522055           1133         476812
903         520959           1096         477945
904         519872           1087         479041
905         518783           1089         480128
906         517631           1152         481217
907         516473           1158         482369
908         515305           1168         483527
909         514159           1146         484695
910         512980           1179         485841
911         511776           1204         487020
912         510572           1204         488224
913         509371           1201         489428
914         508168           1203         490629
915         506960           1208         491832
916         505760           1200         493040
917         504548           1212         494240
918         503336           1212         495452
919         502164           1172         496664
920         500989           1175         497836
921         499824           1165         499011
922         498640           1184         500176
923         497486           1154         501360
924         496318           1168         502514
925         495105           1213         503682
926         493893           1212         504895
927         492715           1178         506107
928         491479           1236         507285
929         490204           1275         508521
930         488941           1263         509796
931         487660           1281         511059
932         486410           1250         512340
933         485194           1216         513590
934         484018           1176         514806
935         482895           1123         515982
936         481790           1105         517105
937         480653           1137         518210
938         479517           1136         519347
939         478338           1179         520483
940         477126           1212         521662
941         475906           1220         522874
942         474726           1180         524094
943         473562           1164         525274
944         472402           1160         526438
945         471250           1152         527598
946         470099           1151         528750
947         468936           1163         529901
948         467757           1179         531064
949         466610           1147         532243
950         465511           1099         533390
951         464365           1146         534489
952         463201           1164         535635
953         462037           1164         536799
954         460860           1177         537963
955         459689           1171         539140
956         458535           1154         540311
957         457389           1146         541465
958         456191           1198         542611
959         455004           1187         543809
960         453814           1190         544996
961         452589           1225         546186
962         451419           1170         547411
963         450267           1152         548581
964         449101           1166         549733
965         447918           1183         550899
966         446694           1224         552082
967         445482           1212         553306
968         444284           1198         554518
969         443093           1191         555716
970         441895           1198         556907
971         440678           1217         558105
972         439464           1214         559322
973         438254           1210         560536
974         437062           1192         561746
975         435855           1207         562938
976         434649           1206         564145
977         433486           1163         565351
978         432335           1151         566514
979         431153           1182         567665
980         429936           1217         568847
981         428727           1209         570064
982         427538           1189         571273
983         426365           1173         572462
984         425202           1163         573635
985         424056           1146         574798
986         422946           1110         575944
987         421831           1115         577054
988         420733           1098         578169
989         419648           1085         579267
990         418510           1138         580352
991         417378           1132         581490
992         416227           1151         582622
993         415048           1179         583773
994         413878           1170         584952
995         412692           1186         586122
996         411492           1200         587308
997         410294           1198         588508
998         409130           1164         589706
999         407956           1174         590870
1000         406781           1175         592044
1001         405590           1191         593219
1002         404425           1165         594410
1003         403257           1168         595575
1004         402120           1137         596743
1005         401005           1115         597880
1006         399870           1135         598995
1007         398711           1159         600130
1008         397544           1167         601289
1009         396382           1162         602456
1010         395211           1171         603618
1011         394047           1164         604789
1012         392908           1139         605953
1013         391767           1141         607092
1014         390603           1164         608233
1015         389443           1160         609397
1016         388303           1140         610557
1017         387180           1123         611697
1018         386043           1137         612820
1019         384887           1156         613957
1020         383747           1140         615113
1021         382585           1162         616253
1022         381432           1153         617415
1023         380265           1167         618568
1024         379067           1198         619735
1025         377915           1152         620933
1026         376776           1139         622085
1027         375689           1087         623224
1028         374605           1084         624311
1029         373486           1119         625395
1030         372372           1114         626514
1031         371249           1123         627628
1032         370138           1111         628751
1033         369069           1069         629862
1034         368035           1034         630931
1035         366989           1046         631965
1036         365958           1031         633011
1037         364901           1057         634042
1038         363828           1073         635099
1039         362761           1067         636172
1040         361743           1018         637239
1041         360714           1029         638257
1042         359701           1013         639286
1043         358713            988         640299
1044         357756            957         641287
1045         356814            942         642244
1046         355890            924         643186
1047         354934            956         644110
1048         353985            949         645066
1049         353016            969         646015
1050         352031            985         646984
1051         351018           1013         647969
1052         349998           1020         648982
1053         349020            978         650002
1054         348090            930         650980
1055         347205            885         651910
1056         346341            864         652795
1057         345461            880         653659
1058         344573            888         654539
1059         343694            879         655427
1060         342821            873         656306
1061         341954            867         657179
1062         341086            868         658046
1063         340200            886         658914
1064         339306            894         659800
1065         338419            887         660694
1066         337565            854         661581
1067         336715            850         662435
1068         335859            856         663285
1069         335018            841         664141
1070         334166            852         664982
1071         333307            859         665834
1072         332451            856         666693
1073         331635            816         667549
1074         330866            769         668365
1075         330089            777         669134
1076         329317            772         669911
1077         328549            768         670683
1078         327761            788         671451
1079         326951            810         672239
1080         326145            806         673049
1081         325355            790         673855
1082         324560            795         674645
1083         323787            773         675440
1084         323026            761         676213
1085         322275            751         676974
1086         321577            698         677725
1087         320902            675         678423
1088         320218            684         679098
1089         319537            681         679782
1090         318869            668         680463
1091         318236            633         681131
1092         317575            661         681764
1093         316911            664         682425
1094         316269            642         683089
1095         315601            668         683731
1096         314934            667         684399
1097         314264            670         685066
1098         313610            654         685736
1099         312974            636         686390
1100         312336            638         687026
1101         311718            618         687664
1102         311075            643         688282
1103         310410            665         688925
1104         309790            620         689590
1105         309209            581         690210
1106         308595            614         690791
1107         308011            584         691405
1108         307451            560         691989
1109         306866            585         692549
1110         306285            581         693134
1111         305718            567         693715
1112         305162            556         694282
1113         304634            528         694838
1114         304065            569         695366
1115         303470            595         695935
1116         302876            594         696530
1117         302258            618         697124
1118         301616            642         697742
1119         301005            611         698384
1120         300428            577         698995
1121         299855            573         699572
1122         299271            584         700145
1123         298674            597         700729
1124         298024            650         701326
1125         297355            669         701976
1126         296706            649         702645
1127         296018            688         703294
1128         295344            674         703982
1129         294661            683         704656
1130         293997            664         705339
1131         293349            648         706003
1132         292703            646         706651
1133         292052            651         707297
1134         291393            659         707948
1135         290735            658         708607
1136         290068            667         709265
1137         289416            652         709932
1138         288839            577         710584
1139         288283            556         711161
1140         287742            541         711717
1141         287179            563         712258
1142         286632            547         712821
1143         286092            540         713368
1144         285547            545         713908
1145         284997            550         714453
1146         284445            552         715003
1147         283895            550         715555
1148         283341            554         716105
1149         282783            558         716659
1150         282223            560         717217
1151         281664            559         717777
1152         281114            550         718336
1153         280564            550         718886
1154         280025            539         719436
1155         279520            505         719975
1156         279001            519         720480
1157         278482            519         720999
1158         277959            523         721518
1159         277458            501         722041
1160         276956            502         722542
1161         276438            518         723044
1162         275924            514         723562
1163         275383            541         724076
1164         274867            516         724617
1165         274365            502         725133
1166         273845            520         725635
1167         273330            515         726155
1168         272799            531         726670
1169         272310            489         727201
1170         271861            449         727690
1171         271410            451         728139
1172         270955            455         728590
1173         270481            474         729045
1174         270008            473         729519
1175         269538            470         729992
1176         269071            467         730462
1177         268612            459         730929
1178         268140            472         731388
1179         267677            463         731860
1180         267220            457         732323
1181         266761            459         732780
1182         266274            487         733239
1183         265768            506         733726
1184         265300            468         734232
1185         264842            458         734700
1186         264376            466         735158
1187         263925            451         735624
1188         263474            451         736075
1189         263034            440         736526
1190         262615            419         736966
1191         262181            434         737385
1192         261724            457         737819
1193         261254            470         738276
1194         260778            476         738746
1195         260301            477         739222
1196         259831            470         739699
1197         259380            451         740169
1198         258947            433         740620
1199         258501            446         741053
1200         258051            450         741499
1201         257609            442         741949
1202         257143            466         742391
1203         256690            453         742857
1204         256248            442         743310
1205         255788            460         743752
1206         255345            443         744212
1207         254927            418         744655
1208         254515            412         745073
1209         254105            410         745485
1210         253708            397         745895
1211         253322            386         746292
1212         252943            379         746678
1213         252565            378         747057
1214         252199            366         747435
1215         251830            369         747801
1216         251454            376         748170
1217         251108            346         748546
1218         250774            334         748892
1219         250460            314         749226
1220         250132            328         749540
1221         249805            327         749868
1222         249503            302         750195
1223         249181            322         750497
1224         248824            357         750819
1225         248448            376         751176
1226         248094            354         751552
1227         247744            350         751906
1228         247388            356         752256
1229         247050            338         752612
1230         246715            335         752950
1231         246385            330         753285
1232         246054            331         753615
1233         245712            342         753946
1234         245377            335         754288
1235         245060            317         754623
1236         244744            316         754940
1237         244411            333         755256
1238         244066            345         755589
1239         243722            344         755934
1240         243382            340         756278
1241         243036            346         756618
1242         242692            344         756964
1243         242350            342         757308
1244         241999            351         757650
1245         241646            353         758001
1246         241313            333         758354
1247         240997            316         758687
1248         240675            322         759003
1249         240360            315         759325
1250         240062            298         759640
1251         239773            289         759938
1252         239478            295         760227
1253         239182            296         760522
1254         238883            299         760818
1255         238599            284         761117
1256         238300            299         761401
1257         238007            293         761700
1258         237721            286         761993
1259         237423            298         762279
1260         237126            297         762577
1261         236824            302         762874
1262         236531            293         763176
1263         236250            281         763469
1264         235989            261         763750
1265         235732            257         764011
1266         235480            252         764268
1267         235227            253         764520
1268         234966            261         764773
1269         234684            282         765034
1270         234410            274         765316
1271         234141            269         765590
1272         233857            284         765859
1273         233564            293         766143
1274         233279            285         766436
1275         232978            301         766721
1276         232675            303         767022
1277         232395            280         767325
1278         232143            252         767605
1279         231904            239         767857
1280         231681            223         768096
1281         231474            207         768319
1282         231274            200         768526
1283         231080            194         768726
1284         230853            227         768920
1285         230616            237         769147
1286         230387            229         769384
1287         230149            238         769613
1288         229909            240         769851
1289         229654            255         770091
1290         229405            249         770346
1291         229148            257         770595
1292         228892            256         770852
1293         228653            239         771108
1294         228415            238         771347
1295         228183            232         771585
1296         227938            245         771817
1297         227704            234         772062
1298         227494            210         772296
1299         227283            211         772506
1300         227078            205         772717
1301         226887            191         772922
1302         226703            184         773113
1303         226524            179         773297
1304         226332            192         773476
1305         226124            208         773668
1306         225922            202         773876
1307         225719            203         774078
1308         225513            206         774281
1309         225295            218         774487
1310         225093            202         774705
1311         224886            207         774907
1312         224682            204         775114
1313         224469            213         775318
1314         224264            205         775531
1315         224079            185         775736
1316         223908            171         775921
1317         223734            174         776092
1318         223566            168         776266
1319         223401            165         776434
1320         223221            180         776599
1321         223033            188         776779
1322         222840            193         776967
1323         222640            200         777160
1324         222441            199         777360
1325         222256            185         777559
1326         222077            179         777744
1327         221896            181         777923
1328         221718            178         778104
1329         221545            173         778282
1330         221372            173         778455
1331         221209            163         778628
1332         221044            165         778791
1333         220895            149         778956
1334         220749            146         779105
1335         220592            157         779251
1336         220443            149         779408
1337         220292            151         779557
1338         220142            150         779708
1339         219985            157         779858
1340         219829            156         780015
1341         219673            156         780171
1342         219527            146         780327
1343         219387            140         780473
1344         219252            135         780613
1345         219127            125         780748
1346         219000            127         780873
1347         218884            116         781000
1348         218799             85         781116
1349         218725             74         781201
1350         218647             78         781275
1351         218579             68         781353
1352         218508             71         781421
1353         218426             82         781492
1354         218340             86         781574
1355         218267             73         781660
1356         218190             77         781733
1357         218104             86         781810
1358         218024             80         781896
1359         217951             73         781976
1360         217877             74         782049
1361         217805             72         782123
1362         217738             67         782195
1363         217668             70         782262
1364         217592             76         782332
1365         217511             81         782408
1366         217440             71         782489
1367         217383             57         782560
1368         217329             54         782617
1369         217279             50         782671
1370         217229             50         782721
1371         217179             50         782771
1372         217131             48         782821
1373         217078             53         782869
1374         217019             59         782922
1375         216957             62         782981
1376         216901             56         783043
1377         216845             56         783099
1378         216789             56         783155
1379         216733             56         783211
1380         216683             50         783267
1381         216630             53         783317
1382         216572             58         783370
1383         216516             56         783428
1384         216444             72         783484
1385         216359             85         783556
1386         216283             76         783641
1387         216214             69         783717
1388         216148             66         783786
1389         216089             59         783852
1390         216033             56         783911
1391         215970             63         783967
1392         215911             59         784030
1393         215852             59         784089
1394         215794             58         784148
1395         215736             58         784206
1396         215690             46         784264
1397         215652             38         784310
1398         215608             44         784348
1399         215561             47         784392
1400         215519             42         784439
1401         215480             39         784481
1402         215437             43         784520
1403         215401             36         784563
1404         215364             37         784599
1405         215321             43         784636
1406         215279             42         784679
1407         215235             44         784721
1408         215197             38         784765
1409         215167             30         784803
1410         215139             28         784833
1411         215111             28         784861
1412         215074             37         784889
1413         215039             35         784926
1414         215002             37         784961
1415         214970             32         784998
1416         214937             33         785030
1417         214900             37         785063
1418         214869             31         785100
1419         214841             28         785131
1420         214816             25         785159
1421         214791             25         785184
1422         214765             26         785209
1423         214737             28         785235
1424         214703             34         785263
1425         214674             29         785297
1426         214662             12         785326
1427         214651             11         785338
1428         214638             13         785349
1429         214629              9         785362
1430         214622              7         785371
1431         214616              6         785378
1432         214612              4         785384
1433         214609              3         785388
1434         214604              5         785391
1435         214602              2         785396
1436         214601              1         785398
1437         214600              1         785399
1438         214599              1         785400
1439         214598              1         785401
1440         214597              1         785402
1441         214595              2         785403
1442         214593              2         785405
1443         214591              2         785407
1444         214590              1         785409
1445         214590              0         785410
